1515286686 0 12:17:41 455123 10 1 2 0 111111 10
1515286687 0 12:17:41 455123 10 1 2 0 111111 10
1515286688 0 12:17:41 455123 10 1 2 0 111111 10
1515286689 0 12:17:41 455123 10 1 2 0 111111 10
1515286690 0 12:17:41 455123 10 1 2 0 111111 10
1515286691 0 12:17:41 455123 10 1 2 0 111111 10
1515286693 0 12:17:41 455123 10 1 2 0 111111 10
1515286694 0 12:17:41 455123 10 1 2 0 111111 10
1515286695 0 12:17:41 455123 10 1 2 0 111111 10 
1515286692 0 23:25:31 455123 10 3 2 0 111111 10 124653 14 223333 11 
